α	Cl	Cd	Cm 0.25	Cp*	M cr.	Elemento
[°]	[-]	[-]	[-]	[-]	[-]	[-]
-30,0	-4,466	1,34770	0,070	-86,885	0,087	Total
 	-4,151	1,33308	-0,1612	-	-	1
 	-0,306	0,01334	0,2005	-	-	2
 	-0,008	0,00128	0,0310	-	-	3
-29,8	-4,468	1,32045	0,070	-86,260	0,088	Total
 	-4,151	1,30585	-0,1618	-	-	1
 	-0,309	0,01331	0,2012	-	-	2
 	-0,008	0,00128	0,0311	-	-	3
-29,6	-4,471	1,31354	0,070	-85,636	0,088	Total
 	-4,151	1,29847	-0,1624	-	-	1
 	-0,312	0,01380	0,2019	-	-	2
 	-0,008	0,00128	0,0311	-	-	3
-29,4	-4,474	1,28738	0,059	-85,012	0,088	Total
 	-4,151	1,27254	-0,1631	-	-	1
 	-0,315	0,01376	0,2025	-	-	2
 	-0,008	0,00107	0,0190	-	-	3
-29,2	-4,476	1,28027	0,059	-84,388	0,089	Total
 	-4,150	1,26545	-0,1637	-	-	1
 	-0,318	0,01373	0,2032	-	-	2
 	-0,008	0,00109	0,0192	-	-	3
-29,0	-4,481	1,22360	0,059	-83,764	0,089	Total
 	-4,152	1,20881	-0,1642	-	-	1
 	-0,321	0,01369	0,2038	-	-	2
 	-0,009	0,00110	0,0194	-	-	3
-28,8	-4,483	1,19744	0,059	-83,140	0,089	Total
 	-4,151	1,18266	-0,1648	-	-	1
 	-0,323	0,01366	0,2045	-	-	2
 	-0,009	0,00111	0,0196	-	-	3
-28,6	-4,486	1,19096	0,059	-82,517	0,090	Total
 	-4,150	1,17621	-0,1654	-	-	1
 	-0,326	0,01362	0,2051	-	-	2
 	-0,009	0,00113	0,0197	-	-	3
-28,4	-4,488	1,16573	0,060	-81,894	0,090	Total
 	-4,150	1,15101	-0,1660	-	-	1
 	-0,329	0,01359	0,2058	-	-	2
 	-0,009	0,00113	0,0199	-	-	3
-28,2	-4,490	1,15974	0,060	-81,271	0,090	Total
 	-4,149	1,14479	-0,1665	-	-	1
 	-0,332	0,01380	0,2064	-	-	2
 	-0,010	0,00115	0,0201	-	-	3
-28,0	-4,493	1,13537	0,060	-80,649	0,091	Total
 	-4,148	1,12045	-0,1670	-	-	1
 	-0,335	0,01376	0,2071	-	-	2
 	-0,010	0,00117	0,0203	-	-	3
-27,8	-4,495	1,12931	0,061	-80,027	0,091	Total
 	-4,147	1,11441	-0,1676	-	-	1
 	-0,338	0,01372	0,2077	-	-	2
 	-0,010	0,00118	0,0204	-	-	3
-27,6	-4,497	1,12419	0,061	-79,405	0,091	Total
 	-4,145	1,10931	-0,1681	-	-	1
 	-0,341	0,01368	0,2084	-	-	2
 	-0,010	0,00119	0,0206	-	-	3
-27,4	-4,499	1,09986	0,061	-78,784	0,092	Total
 	-4,144	1,08500	-0,1686	-	-	1
 	-0,344	0,01365	0,2090	-	-	2
 	-0,011	0,00121	0,0208	-	-	3
-27,2	-4,501	1,09519	0,063	-78,163	0,092	Total
 	-4,143	1,08005	-0,1691	-	-	1
 	-0,347	0,01361	0,2096	-	-	2
 	-0,011	0,00153	0,0225	-	-	3
-27,0	-4,502	1,07149	0,063	-77,543	0,093	Total
 	-4,141	1,05637	-0,1696	-	-	1
 	-0,350	0,01357	0,2103	-	-	2
 	-0,011	0,00155	0,0226	-	-	3
-26,8	-4,504	1,06664	0,064	-76,924	0,093	Total
 	-4,140	1,05153	-0,1701	-	-	1
 	-0,353	0,01354	0,2109	-	-	2
 	-0,011	0,00157	0,0228	-	-	3
-26,6	-4,506	1,04377	0,064	-76,304	0,093	Total
 	-4,138	1,02869	-0,1705	-	-	1
 	-0,356	0,01350	0,2115	-	-	2
 	-0,012	0,00159	0,0230	-	-	3
-26,4	-4,507	1,03954	0,064	-75,686	0,094	Total
 	-4,137	1,02396	-0,1710	-	-	1
 	-0,359	0,01398	0,2121	-	-	2
 	-0,012	0,00161	0,0231	-	-	3
-26,2	-4,509	1,03574	0,065	-75,068	0,094	Total
 	-4,135	1,02018	-0,1714	-	-	1
 	-0,362	0,01393	0,2128	-	-	2
 	-0,012	0,00163	0,0233	-	-	3
-26,0	-4,510	1,01267	0,065	-74,451	0,095	Total
 	-4,133	0,99714	-0,1719	-	-	1
 	-0,365	0,01389	0,2134	-	-	2
 	-0,013	0,00164	0,0235	-	-	3
-25,8	-4,512	1,00888	0,065	-73,834	0,095	Total
 	-4,131	0,99340	-0,1723	-	-	1
 	-0,368	0,01383	0,2140	-	-	2
 	-0,013	0,00165	0,0237	-	-	3
-25,6	-4,513	0,98644	0,066	-73,219	0,095	Total
 	-4,129	0,97100	-0,1727	-	-	1
 	-0,371	0,01377	0,2146	-	-	2
 	-0,013	0,00167	0,0238	-	-	3
-25,4	-4,514	0,98266	0,066	-72,604	0,096	Total
 	-4,127	0,96724	-0,1731	-	-	1
 	-0,374	0,01372	0,2152	-	-	2
 	-0,014	0,00170	0,0240	-	-	3
-25,2	-4,515	0,97972	0,066	-71,989	0,096	Total
 	-4,125	0,96433	-0,1735	-	-	1
 	-0,377	0,01368	0,2158	-	-	2
 	-0,014	0,00172	0,0242	-	-	3
-25,0	-4,516	0,95978	0,067	-71,376	0,097	Total
 	-4,122	0,94441	-0,1739	-	-	1
 	-0,380	0,01363	0,2164	-	-	2
 	-0,014	0,00174	0,0243	-	-	3
-24,8	-4,517	0,95717	0,067	-70,763	0,097	Total
 	-4,119	0,94183	-0,1743	-	-	1
 	-0,383	0,01358	0,2170	-	-	2
 	-0,015	0,00176	0,0245	-	-	3
-24,6	-4,518	0,95588	0,068	-70,151	0,097	Total
 	-4,117	0,94057	-0,1747	-	-	1
 	-0,386	0,01354	0,2176	-	-	2
 	-0,015	0,00178	0,0247	-	-	3
-24,4	-4,518	0,95078	0,068	-69,540	0,098	Total
 	-4,114	0,93548	-0,1750	-	-	1
 	-0,389	0,01350	0,2182	-	-	2
 	-0,015	0,00180	0,0249	-	-	3
-24,2	-4,128	0,94099	0,068	-68,930	0,098	Total
 	-4,111	0,92522	-0,1754	-	-	1
 	-0,001	0,01395	0,2188	-	-	2
 	-0,016	0,00182	0,0250	-	-	3
-24,0	-4,130	0,93109	0,069	-68,321	0,099	Total
 	-4,109	0,91534	-0,1757	-	-	1
 	-0,005	0,01390	0,2194	-	-	2
 	-0,016	0,00184	0,0252	-	-	3
-23,8	-4,132	0,92139	0,069	-67,713	0,099	Total
 	-4,106	0,90568	-0,1760	-	-	1
 	-0,009	0,01385	0,2200	-	-	2
 	-0,017	0,00186	0,0254	-	-	3
-23,6	-4,134	0,91207	0,070	-67,106	0,100	Total
 	-4,103	0,89617	-0,1763	-	-	1
 	-0,014	0,01402	0,2206	-	-	2
 	-0,017	0,00188	0,0256	-	-	3
-23,4	-4,135	0,85941	0,070	-66,500	0,100	Total
 	-4,100	0,84393	-0,1766	-	-	1
 	-0,018	0,01358	0,2211	-	-	2
 	-0,017	0,00190	0,0257	-	-	3
-23,2	-4,137	0,85036	0,071	-65,895	0,101	Total
 	-4,097	0,83471	-0,1769	-	-	1
 	-0,022	0,01373	0,2217	-	-	2
 	-0,018	0,00193	0,0259	-	-	3
-23,0	-4,139	0,84128	0,071	-65,292	0,101	Total
 	-4,094	0,82566	-0,1772	-	-	1
 	-0,026	0,01368	0,2223	-	-	2
 	-0,018	0,00195	0,0261	-	-	3
-22,8	-4,140	0,83225	0,072	-64,689	0,102	Total
 	-4,091	0,81650	-0,1775	-	-	1
 	-0,030	0,01377	0,2229	-	-	2
 	-0,019	0,00197	0,0263	-	-	3
-22,6	-4,141	0,82342	0,072	-64,087	0,102	Total
 	-4,087	0,80772	-0,1778	-	-	1
 	-0,035	0,01372	0,2234	-	-	2
 	-0,019	0,00197	0,0264	-	-	3
-22,4	-4,143	0,81446	0,073	-63,487	0,102	Total
 	-4,084	0,79879	-0,1780	-	-	1
 	-0,039	0,01367	0,2240	-	-	2
 	-0,020	0,00200	0,0266	-	-	3
-22,2	-4,144	0,80543	0,082	-62,888	0,103	Total
 	-4,080	0,79027	-0,1783	-	-	1
 	-0,043	0,01362	0,2245	-	-	2
 	-0,020	0,00155	0,0355	-	-	3
-22,0	-4,145	0,79667	0,082	-62,290	0,103	Total
 	-4,077	0,78156	-0,1785	-	-	1
 	-0,048	0,01357	0,2251	-	-	2
 	-0,021	0,00154	0,0355	-	-	3
-21,8	-4,146	0,78797	0,082	-61,693	0,104	Total
 	-4,073	0,77291	-0,1787	-	-	1
 	-0,052	0,01352	0,2256	-	-	2
 	-0,021	0,00154	0,0356	-	-	3
-21,6	-4,147	0,77925	0,083	-61,098	0,104	Total
 	-4,069	0,76424	-0,1789	-	-	1
 	-0,056	0,01347	0,2262	-	-	2
 	-0,022	0,00154	0,0356	-	-	3
-21,4	-4,148	0,77159	0,074	-60,504	0,105	Total
 	-4,066	0,75608	-0,1791	-	-	1
 	-0,060	0,01382	0,2267	-	-	2
 	-0,022	0,00169	0,0264	-	-	3
-21,2	-4,149	0,76352	0,075	-59,912	0,106	Total
 	-4,062	0,74805	-0,1793	-	-	1
 	-0,065	0,01375	0,2273	-	-	2
 	-0,022	0,00171	0,0266	-	-	3
-21,0	-4,149	0,75559	0,075	-59,320	0,106	Total
 	-4,058	0,74016	-0,1795	-	-	1
 	-0,069	0,01369	0,2278	-	-	2
 	-0,023	0,00173	0,0267	-	-	3
-20,8	-4,150	0,74780	0,076	-58,757	0,107	Total
 	-4,054	0,73241	-0,1797	-	-	1
 	-0,073	0,01364	0,2283	-	-	2
 	-0,023	0,00175	0,0269	-	-	3
-20,6	-4,151	0,70379	0,076	-58,236	0,107	Total
 	-4,050	0,68838	-0,1798	-	-	1
 	-0,078	0,01364	0,2289	-	-	2
 	-0,024	0,00177	0,0271	-	-	3
-20,4	-4,152	0,69616	0,077	-57,717	0,108	Total
 	-4,045	0,68079	-0,1800	-	-	1
 	-0,082	0,01358	0,2294	-	-	2
 	-0,024	0,00179	0,0273	-	-	3
-20,2	-4,152	0,68865	0,077	-57,197	0,108	Total
 	-4,041	0,67332	-0,1801	-	-	1
 	-0,086	0,01352	0,2299	-	-	2
 	-0,025	0,00181	0,0275	-	-	3
-20,0	-4,153	0,68161	0,078	-56,679	0,109	Total
 	-4,037	0,66598	-0,1803	-	-	1
 	-0,091	0,01380	0,2304	-	-	2
 	-0,025	0,00182	0,0277	-	-	3
-19,8	-4,153	0,67403	0,078	-56,162	0,109	Total
 	-4,032	0,65876	-0,1804	-	-	1
 	-0,095	0,01342	0,2309	-	-	2
 	-0,026	0,00184	0,0279	-	-	3
-19,6	-4,153	0,66706	0,079	-55,646	0,110	Total
 	-4,027	0,65167	-0,1805	-	-	1
 	-0,099	0,01353	0,2314	-	-	2
 	-0,026	0,00186	0,0281	-	-	3
-19,4	-4,153	0,65998	0,080	-55,130	0,110	Total
 	-4,023	0,64471	-0,1806	-	-	1
 	-0,104	0,01340	0,2320	-	-	2
 	-0,027	0,00188	0,0283	-	-	3
-19,2	-4,154	0,66778	0,080	-54,616	0,111	Total
 	-4,019	0,65254	-0,1807	-	-	1
 	-0,108	0,01334	0,2325	-	-	2
 	-0,027	0,00190	0,0285	-	-	3
-19,0	-4,154	0,52731	0,081	-54,102	0,111	Total
 	-4,014	0,51166	-0,1808	-	-	1
 	-0,112	0,01373	0,2329	-	-	2
 	-0,028	0,00192	0,0287	-	-	3
-18,8	-4,154	0,52142	0,081	-53,590	0,112	Total
 	-4,009	0,50582	-0,1808	-	-	1
 	-0,116	0,01367	0,2334	-	-	2
 	-0,029	0,00194	0,0288	-	-	3
-18,6	-4,154	0,51564	0,082	-53,079	0,112	Total
 	-4,004	0,50007	-0,1809	-	-	1
 	-0,121	0,01360	0,2339	-	-	2
 	-0,029	0,00196	0,0290	-	-	3
-18,4	-4,154	0,50996	0,083	-52,569	0,113	Total
 	-3,999	0,49443	-0,1809	-	-	1
 	-0,125	0,01354	0,2344	-	-	2
 	-0,030	0,00198	0,0292	-	-	3
-18,2	-4,154	0,50443	0,083	-52,060	0,113	Total
 	-3,994	0,48890	-0,1810	-	-	1
 	-0,129	0,01353	0,2349	-	-	2
 	-0,030	0,00200	0,0294	-	-	3
-18,0	-4,125	0,49866	0,084	-51,552	0,114	Total
 	-3,989	0,48346	-0,1810	-	-	1
 	-0,134	0,01345	0,2354	-	-	2
 	-0,002	0,00175	0,0295	-	-	3
-17,8	-4,124	0,49328	0,085	-51,045	0,114	Total
 	-3,983	0,47813	-0,1810	-	-	1
 	-0,138	0,01338	0,2358	-	-	2
 	-0,003	0,00177	0,0297	-	-	3
-17,6	-4,153	0,48757	0,094	-50,539	0,115	Total
 	-3,978	0,47290	-0,1810	-	-	1
 	-0,143	0,01327	0,2363	-	-	2
 	-0,033	0,00140	0,0392	-	-	3
-17,4	-4,152	0,48281	0,095	-50,035	0,116	Total
 	-3,972	0,46778	-0,1810	-	-	1
 	-0,147	0,01363	0,2368	-	-	2
 	-0,033	0,00140	0,0393	-	-	3
-17,2	-4,152	0,47773	0,096	-49,532	0,116	Total
 	-3,967	0,46277	-0,1810	-	-	1
 	-0,151	0,01356	0,2372	-	-	2
 	-0,034	0,00140	0,0394	-	-	3
-17,0	-4,151	0,47276	0,096	-49,030	0,116	Total
 	-3,961	0,45786	-0,1810	-	-	1
 	-0,155	0,01349	0,2377	-	-	2
 	-0,034	0,00140	0,0395	-	-	3
-16,8	-4,151	0,46172	0,097	-48,530	0,116	Total
 	-3,956	0,44653	-0,1810	-	-	1
 	-0,160	0,01379	0,2381	-	-	2
 	-0,035	0,00140	0,0396	-	-	3
-16,6	-4,150	0,42896	0,097	-48,030	0,117	Total
 	-3,950	0,41384	-0,1809	-	-	1
 	-0,164	0,01372	0,2386	-	-	2
 	-0,036	0,00141	0,0397	-	-	3
-16,4	-4,149	0,42382	0,098	-47,533	0,118	Total
 	-3,944	0,40899	-0,1809	-	-	1
 	-0,169	0,01342	0,2390	-	-	2
 	-0,036	0,00141	0,0398	-	-	3
-16,2	-4,148	0,41899	0,099	-47,036	0,118	Total
 	-3,939	0,40423	-0,1808	-	-	1
 	-0,173	0,01335	0,2395	-	-	2
 	-0,037	0,00141	0,0399	-	-	3
-16,0	-4,147	0,41425	0,099	-46,541	0,119	Total
 	-3,932	0,39957	-0,1807	-	-	1
 	-0,177	0,01328	0,2399	-	-	2
 	-0,038	0,00141	0,0400	-	-	3
-15,8	-4,146	0,40962	0,100	-46,047	0,119	Total
 	-3,926	0,39499	-0,1807	-	-	1
 	-0,182	0,01321	0,2403	-	-	2
 	-0,038	0,00141	0,0401	-	-	3
-15,6	-4,145	0,40549	0,100	-45,555	0,120	Total
 	-3,920	0,39051	-0,1806	-	-	1
 	-0,186	0,01356	0,2407	-	-	2
 	-0,039	0,00142	0,0402	-	-	3
-15,4	-4,144	0,40102	0,101	-45,064	0,121	Total
 	-3,914	0,38613	-0,1805	-	-	1
 	-0,190	0,01347	0,2411	-	-	2
 	-0,040	0,00142	0,0403	-	-	3
-15,2	-4,142	0,39666	0,102	-44,575	0,121	Total
 	-3,908	0,38185	-0,1804	-	-	1
 	-0,194	0,01339	0,2416	-	-	2
 	-0,040	0,00142	0,0404	-	-	3
-15,0	-4,141	0,39240	0,102	-44,087	0,122	Total
 	-3,901	0,37767	-0,1802	-	-	1
 	-0,199	0,01331	0,2420	-	-	2
 	-0,041	0,00142	0,0405	-	-	3
-14,8	-4,139	0,32089	0,103	-43,601	0,123	Total
 	-3,894	0,30624	-0,1801	-	-	1
 	-0,203	0,01324	0,2424	-	-	2
 	-0,042	0,00142	0,0406	-	-	3
-14,6	-4,137	0,31708	0,103	-43,116	0,123	Total
 	-3,887	0,30249	-0,1800	-	-	1
 	-0,207	0,01316	0,2428	-	-	2
 	-0,042	0,00142	0,0407	-	-	3
-14,4	-4,135	0,31337	0,104	-42,633	0,124	Total
 	-3,880	0,29885	-0,1798	-	-	1
 	-0,212	0,01309	0,2432	-	-	2
 	-0,043	0,00142	0,0408	-	-	3
-14,2	-4,134	0,30987	0,105	-42,151	0,125	Total
 	-3,874	0,29531	-0,1797	-	-	1
 	-0,216	0,01313	0,2436	-	-	2
 	-0,044	0,00142	0,0409	-	-	3
-14,0	-4,132	0,30637	0,105	-41,671	0,126	Total
 	-3,867	0,29188	-0,1795	-	-	1
 	-0,220	0,01306	0,2439	-	-	2
 	-0,045	0,00143	0,0409	-	-	3
-13,8	-4,130	0,30337	0,106	-41,193	0,126	Total
 	-3,860	0,28857	-0,1793	-	-	1
 	-0,225	0,01337	0,2443	-	-	2
 	-0,045	0,00143	0,0410	-	-	3
-13,6	-4,128	0,30009	0,107	-40,716	0,127	Total
 	-3,853	0,28537	-0,1791	-	-	1
 	-0,229	0,01329	0,2447	-	-	2
 	-0,046	0,00143	0,0411	-	-	3
-13,4	-4,127	0,27776	0,107	-40,242	0,128	Total
 	-3,846	0,26307	-0,1789	-	-	1
 	-0,233	0,01326	0,2451	-	-	2
 	-0,047	0,00143	0,0412	-	-	3
-13,2	-4,125	0,27478	0,108	-39,768	0,129	Total
 	-3,839	0,26003	-0,1787	-	-	1
 	-0,238	0,01331	0,2454	-	-	2
 	-0,048	0,00143	0,0413	-	-	3
-13,0	-4,123	0,27180	0,109	-39,297	0,129	Total
 	-3,832	0,25714	-0,1785	-	-	1
 	-0,242	0,01323	0,2458	-	-	2
 	-0,048	0,00144	0,0416	-	-	3
-12,8	-4,120	0,26933	0,109	-38,827	0,130	Total
 	-3,825	0,25433	-0,1783	-	-	1
 	-0,246	0,01354	0,2461	-	-	2
 	-0,049	0,00146	0,0416	-	-	3
-12,6	-4,118	0,26674	0,110	-38,359	0,131	Total
 	-3,818	0,25178	-0,1781	-	-	1
 	-0,251	0,01345	0,2465	-	-	2
 	-0,050	0,00151	0,0417	-	-	3
-12,4	-4,116	0,26430	0,111	-37,893	0,132	Total
 	-3,810	0,24943	-0,1778	-	-	1
 	-0,255	0,01336	0,2468	-	-	2
 	-0,051	0,00151	0,0418	-	-	3
-12,2	-4,114	0,26221	0,112	-37,429	0,133	Total
 	-3,803	0,24734	-0,1776	-	-	1
 	-0,259	0,01334	0,2472	-	-	2
 	-0,051	0,00152	0,0419	-	-	3
-12,0	-4,111	0,26035	0,112	-36,967	0,133	Total
 	-3,795	0,24557	-0,1773	-	-	1
 	-0,264	0,01326	0,2475	-	-	2
 	-0,052	0,00151	0,0420	-	-	3
-11,8	-4,109	0,25889	0,113	-36,506	0,134	Total
 	-3,788	0,24410	-0,1770	-	-	1
 	-0,268	0,01328	0,2478	-	-	2
 	-0,053	0,00151	0,0421	-	-	3
-11,6	-4,106	0,24160	0,114	-36,048	0,135	Total
 	-3,781	0,22689	-0,1767	-	-	1
 	-0,272	0,01319	0,2482	-	-	2
 	-0,054	0,00151	0,0421	-	-	3
-11,4	-4,104	0,24146	0,114	-35,591	0,136	Total
 	-3,773	0,22653	-0,1765	-	-	1
 	-0,276	0,01342	0,2485	-	-	2
 	-0,055	0,00151	0,0422	-	-	3
-11,2	-4,101	1,08554	0,115	-35,136	0,137	Total
 	-3,765	1,07071	-0,1762	-	-	1
 	-0,281	0,01333	0,2488	-	-	2
 	-0,055	0,00151	0,0423	-	-	3
-11,0	-4,098	1,05160	0,116	-34,683	0,138	Total
 	-3,757	1,03694	-0,1758	-	-	1
 	-0,285	0,01322	0,2491	-	-	2
 	-0,056	0,00144	0,0424	-	-	3
-10,8	-4,095	1,07015	0,116	-34,233	0,139	Total
 	-3,749	1,05585	-0,1755	-	-	1
 	-0,289	0,01286	0,2494	-	-	2
 	-0,057	0,00144	0,0425	-	-	3
-10,6	-4,093	1,06504	0,117	-33,784	0,140	Total
 	-3,741	1,05043	-0,1752	-	-	1
 	-0,293	0,01310	0,2497	-	-	2
 	-0,058	0,00151	0,0425	-	-	3
-10,4	-4,090	1,04845	0,118	-33,337	0,140	Total
 	-3,733	1,03394	-0,1749	-	-	1
 	-0,298	0,01301	0,2500	-	-	2
 	-0,059	0,00150	0,0426	-	-	3
-10,2	-4,086	1,02910	0,118	-32,892	0,141	Total
 	-3,725	1,01483	-0,1745	-	-	1
 	-0,302	0,01283	0,2503	-	-	2
 	-0,060	0,00143	0,0427	-	-	3
-10,0	-4,083	0,93129	0,119	-32,450	0,142	Total
 	-3,717	0,91701	-0,1742	-	-	1
 	-0,306	0,01283	0,2505	-	-	2
 	-0,060	0,00146	0,0428	-	-	3
-9,8	-4,081	0,99864	0,120	-32,009	0,143	Total
 	-3,710	0,98420	-0,1738	-	-	1
 	-0,310	0,01293	0,2508	-	-	2
 	-0,061	0,00151	0,0429	-	-	3
-9,6	-4,077	0,78895	0,121	-31,571	0,144	Total
 	-3,701	0,77462	-0,1734	-	-	1
 	-0,314	0,01283	0,2511	-	-	2
 	-0,062	0,00150	0,0429	-	-	3
-9,4	-4,075	0,81228	0,121	-31,135	0,145	Total
 	-3,693	0,79791	-0,1730	-	-	1
 	-0,318	0,01292	0,2514	-	-	2
 	-0,063	0,00144	0,0430	-	-	3
-9,2	-4,072	0,76180	0,122	-30,701	0,146	Total
 	-3,685	0,74755	-0,1726	-	-	1
 	-0,323	0,01281	0,2516	-	-	2
 	-0,064	0,00144	0,0431	-	-	3
-9,0	-4,068	0,72993	0,123	-30,269	0,147	Total
 	-3,677	0,71550	-0,1722	-	-	1
 	-0,327	0,01299	0,2519	-	-	2
 	-0,065	0,00144	0,0431	-	-	3
-8,8	-4,065	0,73324	0,123	-29,839	0,148	Total
 	-3,668	0,71891	-0,1718	-	-	1
 	-0,331	0,01289	0,2521	-	-	2
 	-0,066	0,00144	0,0432	-	-	3
-8,6	-4,060	0,67910	0,124	-29,412	0,150	Total
 	-3,658	0,66470	-0,1714	-	-	1
 	-0,335	0,01297	0,2524	-	-	2
 	-0,067	0,00144	0,0433	-	-	3
-8,4	-4,058	0,69103	0,125	-28,986	0,151	Total
 	-3,651	0,67665	-0,1710	-	-	1
 	-0,339	0,01295	0,2526	-	-	2
 	-0,067	0,00143	0,0434	-	-	3
-8,2	-4,053	0,55060	0,126	-28,563	0,152	Total
 	-3,641	0,53644	-0,1706	-	-	1
 	-0,343	0,01273	0,2528	-	-	2
 	-0,068	0,00143	0,0434	-	-	3
-8,0	-4,049	0,53608	0,126	-28,143	0,153	Total
 	-3,632	0,52184	-0,1701	-	-	1
 	-0,347	0,01281	0,2530	-	-	2
 	-0,069	0,00143	0,0435	-	-	3
-7,8	-4,045	0,52163	0,127	-27,724	0,154	Total
 	-3,623	0,50751	-0,1697	-	-	1
 	-0,352	0,01269	0,2533	-	-	2
 	-0,070	0,00142	0,0436	-	-	3
-7,6	-4,041	0,50115	0,128	-27,308	0,155	Total
 	-3,615	0,48694	-0,1692	-	-	1
 	-0,356	0,01276	0,2535	-	-	2
 	-0,071	0,00144	0,0436	-	-	3
-7,4	-4,038	0,44628	0,129	-26,895	0,155	Total
 	-3,606	0,43211	-0,1687	-	-	1
 	-0,360	0,01273	0,2537	-	-	2
 	-0,072	0,00144	0,0437	-	-	3
-7,2	-4,033	0,44083	0,129	-26,483	0,157	Total
 	-3,597	0,42660	-0,1682	-	-	1
 	-0,364	0,01279	0,2539	-	-	2
 	-0,073	0,00144	0,0438	-	-	3
-7,0	-4,030	0,43063	0,130	-26,075	0,158	Total
 	-3,588	0,41653	-0,1678	-	-	1
 	-0,368	0,01267	0,2541	-	-	2
 	-0,074	0,00143	0,0438	-	-	3
-6,8	-4,026	0,40191	0,131	-25,668	0,159	Total
 	-3,579	0,38768	-0,1673	-	-	1
 	-0,372	0,01280	0,2543	-	-	2
 	-0,075	0,00143	0,0439	-	-	3
-6,6	-4,021	0,32850	0,132	-25,264	0,160	Total
 	-3,569	0,31427	-0,1668	-	-	1
 	-0,376	0,01276	0,2545	-	-	2
 	-0,076	0,00148	0,0440	-	-	3
-6,4	-4,018	0,34386	0,132	-24,862	0,162	Total
 	-3,561	0,32980	-0,1662	-	-	1
 	-0,380	0,01263	0,2546	-	-	2
 	-0,077	0,00142	0,0440	-	-	3
-6,2	-4,014	0,34033	0,133	-24,463	0,163	Total
 	-3,552	0,32623	-0,1657	-	-	1
 	-0,384	0,01267	0,2548	-	-	2
 	-0,078	0,00142	0,0441	-	-	3
-6,0	-4,009	0,33559	0,134	-24,067	0,164	Total
 	-3,542	0,32146	-0,1652	-	-	1
 	-0,388	0,01271	0,2550	-	-	2
 	-0,079	0,00142	0,0442	-	-	3
-5,8	-4,005	0,31298	0,135	-23,672	0,166	Total
 	-3,533	0,29899	-0,1647	-	-	1
 	-0,392	0,01258	0,2552	-	-	2
 	-0,080	0,00142	0,0442	-	-	3
-5,6	-3,999	0,29084	0,135	-23,281	0,167	Total
 	-3,522	0,27682	-0,1641	-	-	1
 	-0,396	0,01261	0,2553	-	-	2
 	-0,080	0,00141	0,0443	-	-	3
-5,4	-3,996	0,28829	0,136	-22,892	0,168	Total
 	-3,514	0,27425	-0,1636	-	-	1
 	-0,400	0,01256	0,2555	-	-	2
 	-0,081	0,00148	0,0444	-	-	3
-5,2	-3,991	0,24849	0,137	-22,505	0,170	Total
 	-3,505	0,23442	-0,1630	-	-	1
 	-0,404	0,01259	0,2556	-	-	2
 	-0,082	0,00148	0,0444	-	-	3
-5,0	-3,985	0,22583	0,138	-22,121	0,171	Total
 	-3,494	0,21191	-0,1624	-	-	1
 	-0,408	0,01245	0,2557	-	-	2
 	-0,083	0,00147	0,0445	-	-	3
-4,8	-3,980	0,21850	0,139	-21,740	0,173	Total
 	-3,484	0,20456	-0,1618	-	-	1
 	-0,412	0,01247	0,2559	-	-	2
 	-0,084	0,00147	0,0445	-	-	3
-4,6	-3,975	0,21217	0,139	-21,361	0,174	Total
 	-3,474	0,19822	-0,1613	-	-	1
 	-0,416	0,01248	0,2560	-	-	2
 	-0,085	0,00146	0,0446	-	-	3
-4,4	-3,970	0,20521	0,140	-20,985	0,176	Total
 	-3,464	0,19124	-0,1607	-	-	1
 	-0,420	0,01250	0,2561	-	-	2
 	-0,086	0,00146	0,0447	-	-	3
-4,2	-3,967	0,21708	0,141	-20,612	0,177	Total
 	-3,456	0,20327	-0,1601	-	-	1
 	-0,424	0,01235	0,2562	-	-	2
 	-0,087	0,00146	0,0447	-	-	3
-4,0	-3,959	0,20102	0,142	-20,241	0,179	Total
 	-3,444	0,18703	-0,1595	-	-	1
 	-0,427	0,01252	0,2563	-	-	2
 	-0,088	0,00148	0,0448	-	-	3
-3,8	-3,955	0,18943	0,142	-19,873	0,180	Total
 	-3,434	0,17559	-0,1588	-	-	1
 	-0,432	0,01238	0,2564	-	-	2
 	-0,089	0,00146	0,0448	-	-	3
-3,6	-3,950	0,16631	0,143	-19,508	0,182	Total
 	-3,424	0,15256	-0,1582	-	-	1
 	-0,435	0,01229	0,2565	-	-	2
 	-0,090	0,00147	0,0449	-	-	3
-3,4	-3,945	0,15677	0,144	-19,145	0,184	Total
 	-3,414	0,14302	-0,1576	-	-	1
 	-0,439	0,01229	0,2566	-	-	2
 	-0,091	0,00146	0,0449	-	-	3
-3,2	-4,186	0,15875	0,140	-18,785	0,185	Total
 	-3,404	0,13662	-0,1569	-	-	1
 	-0,689	0,02067	0,2522	-	-	2
 	-0,092	0,00146	0,0450	-	-	3
-3,0	-4,179	0,15344	0,141	-18,428	0,187	Total
 	-3,394	0,13152	-0,1563	-	-	1
 	-0,692	0,02046	0,2526	-	-	2
 	-0,093	0,00146	0,0451	-	-	3
-2,8	-4,173	0,14933	0,142	-18,074	0,189	Total
 	-3,384	0,12764	-0,1556	-	-	1
 	-0,694	0,02024	0,2529	-	-	2
 	-0,094	0,00145	0,0451	-	-	3
-2,6	-4,166	0,14981	0,143	-17,722	0,191	Total
 	-3,373	0,12749	-0,1550	-	-	1
 	-0,697	0,02087	0,2533	-	-	2
 	-0,095	0,00144	0,0452	-	-	3
-2,4	-4,159	0,14653	0,145	-17,374	0,193	Total
 	-3,363	0,12446	-0,1543	-	-	1
 	-0,700	0,02063	0,2536	-	-	2
 	-0,096	0,00144	0,0452	-	-	3
-2,2	-4,153	0,12245	0,146	-17,028	0,194	Total
 	-3,353	0,10060	-0,1536	-	-	1
 	-0,703	0,02041	0,2540	-	-	2
 	-0,097	0,00143	0,0453	-	-	3
-2,0	-4,146	0,11975	0,147	-16,685	0,196	Total
 	-3,342	0,09713	-0,1529	-	-	1
 	-0,705	0,02122	0,2543	-	-	2
 	-0,098	0,00140	0,0453	-	-	3
-1,8	-4,139	0,11501	0,148	-16,345	0,198	Total
 	-3,332	0,09264	-0,1522	-	-	1
 	-0,708	0,02097	0,2546	-	-	2
 	-0,100	0,00140	0,0453	-	-	3
-1,6	-4,133	0,11321	0,149	-16,007	0,200	Total
 	-3,321	0,09102	-0,1515	-	-	1
 	-0,711	0,02074	0,2549	-	-	2
 	-0,101	0,00144	0,0454	-	-	3
-1,4	-4,126	0,11112	0,150	-15,673	0,202	Total
 	-3,311	0,08915	-0,1508	-	-	1
 	-0,713	0,02054	0,2553	-	-	2
 	-0,102	0,00144	0,0454	-	-	3
-1,2	-4,119	0,10623	0,151	-15,342	0,204	Total
 	-3,300	0,08359	-0,1501	-	-	1
 	-0,716	0,02120	0,2556	-	-	2
 	-0,103	0,00143	0,0455	-	-	3
-1,0	-4,113	0,11154	0,152	-15,013	0,206	Total
 	-3,291	0,08911	-0,1494	-	-	1
 	-0,718	0,02100	0,2559	-	-	2
 	-0,104	0,00143	0,0455	-	-	3
-0,8	-4,105	0,09177	0,153	-14,688	0,208	Total
 	-3,279	0,06967	-0,1487	-	-	1
 	-0,721	0,02068	0,2562	-	-	2
 	-0,105	0,00142	0,0456	-	-	3
-0,6	-4,098	0,08861	0,154	-14,365	0,210	Total
 	-3,268	0,06583	-0,1479	-	-	1
 	-0,724	0,02138	0,2564	-	-	2
 	-0,106	0,00140	0,0456	-	-	3
-0,4	-4,090	0,08659	0,155	-14,045	0,213	Total
 	-3,258	0,06403	-0,1472	-	-	1
 	-0,726	0,02115	0,2567	-	-	2
 	-0,107	0,00142	0,0457	-	-	3
-0,2	-4,047	0,08810	0,156	-13,729	0,215	Total
 	-3,247	0,06271	-0,1464	-	-	1
 	-0,729	0,02107	0,2570	-	-	2
 	-0,072	0,00432	0,0456	-	-	3
0,0	-4,092	0,08143	0,157	-13,415	0,217	Total
 	-3,251	0,05695	-0,1457	-	-	1
 	-0,733	0,02086	0,2573	-	-	2
 	-0,109	0,00361	0,0457	-	-	3
0,2	-4,081	0,08045	0,159	-13,105	0,220	Total
 	-3,235	0,05523	-0,1445	-	-	1
 	-0,735	0,02157	0,2575	-	-	2
 	-0,110	0,00364	0,0458	-	-	3
0,4	-4,069	0,07407	0,160	-12,797	0,222	Total
 	-3,220	0,04904	-0,1433	-	-	1
 	-0,738	0,02135	0,2578	-	-	2
 	-0,111	0,00367	0,0458	-	-	3
0,6	-4,057	0,07252	0,162	-12,493	0,225	Total
 	-3,205	0,04765	-0,1421	-	-	1
 	-0,740	0,02117	0,2580	-	-	2
 	-0,112	0,00370	0,0459	-	-	3
0,8	-4,045	0,06940	0,163	-12,191	0,228	Total
 	-3,189	0,04480	-0,1408	-	-	1
 	-0,743	0,02086	0,2583	-	-	2
 	-0,113	0,00374	0,0459	-	-	3
1,0	-4,033	0,07026	0,165	-11,893	0,230	Total
 	-3,174	0,04371	-0,1396	-	-	1
 	-0,745	0,02278	0,2585	-	-	2
 	-0,114	0,00377	0,0459	-	-	3
1,2	-4,021	0,07250	0,166	-11,598	0,232	Total
 	-3,158	0,04618	-0,1384	-	-	1
 	-0,747	0,02254	0,2588	-	-	2
 	-0,116	0,00379	0,0460	-	-	3
1,4	-4,009	0,06611	0,168	-11,306	0,235	Total
 	-3,143	0,03996	-0,1372	-	-	1
 	-0,750	0,02233	0,2590	-	-	2
 	-0,117	0,00382	0,0460	-	-	3
1,6	-3,997	0,06392	0,169	-11,017	0,238	Total
 	-3,127	0,03795	-0,1359	-	-	1
 	-0,752	0,02212	0,2592	-	-	2
 	-0,118	0,00385	0,0460	-	-	3
1,8	-3,986	0,06058	0,171	-10,731	0,241	Total
 	-3,112	0,03477	-0,1347	-	-	1
 	-0,754	0,02192	0,2594	-	-	2
 	-0,120	0,00388	0,0461	-	-	3
2,0	-3,973	0,06569	0,172	-10,448	0,244	Total
 	-3,096	0,03257	-0,1334	-	-	1
 	-0,757	0,02920	0,2596	-	-	2
 	-0,121	0,00391	0,0461	-	-	3
2,2	-3,961	0,06451	0,174	-10,169	0,247	Total
 	-3,080	0,03131	-0,1322	-	-	1
 	-0,759	0,02925	0,2598	-	-	2
 	-0,122	0,00395	0,0461	-	-	3
2,4	-3,949	0,06342	0,175	-9,892	0,250	Total
 	-3,064	0,03020	-0,1309	-	-	1
 	-0,761	0,02923	0,2600	-	-	2
 	-0,123	0,00398	0,0462	-	-	3
2,6	-3,936	0,05885	0,178	-9,619	0,254	Total
 	-3,049	0,02896	-0,1296	-	-	1
 	-0,763	0,02922	0,2602	-	-	2
 	-0,124	0,00067	0,0478	-	-	3
2,8	-3,924	0,05687	0,180	-9,349	0,257	Total
 	-3,033	0,02695	-0,1283	-	-	1
 	-0,766	0,02926	0,2604	-	-	2
 	-0,125	0,00067	0,0479	-	-	3
3,0	-3,911	0,05710	0,182	-9,083	0,261	Total
 	-3,017	0,02721	-0,1270	-	-	1
 	-0,768	0,02923	0,2606	-	-	2
 	-0,126	0,00066	0,0481	-	-	3
3,2	-3,899	0,05632	0,183	-8,819	0,264	Total
 	-3,001	0,02637	-0,1257	-	-	1
 	-0,770	0,02928	0,2607	-	-	2
 	-0,127	0,00066	0,0482	-	-	3
3,4	-3,886	0,05334	0,185	-8,559	0,268	Total
 	-2,985	0,02342	-0,1244	-	-	1
 	-0,772	0,02925	0,2609	-	-	2
 	-0,129	0,00066	0,0484	-	-	3
3,6	-3,873	0,05358	0,186	-8,302	0,271	Total
 	-2,969	0,02359	-0,1231	-	-	1
 	-0,774	0,02933	0,2610	-	-	2
 	-0,130	0,00066	0,0485	-	-	3
3,8	-3,861	0,05271	0,188	-8,049	0,275	Total
 	-2,954	0,02273	-0,1218	-	-	1
 	-0,776	0,02930	0,2612	-	-	2
 	-0,131	0,00068	0,0487	-	-	3
4,0	-3,848	0,05120	0,190	-7,798	0,279	Total
 	-2,938	0,02119	-0,1205	-	-	1
 	-0,778	0,02934	0,2613	-	-	2
 	-0,132	0,00067	0,0488	-	-	3
4,2	-3,835	0,05025	0,191	-7,551	0,283	Total
 	-2,922	0,02028	-0,1192	-	-	1
 	-0,780	0,02930	0,2615	-	-	2
 	-0,133	0,00067	0,0489	-	-	3
4,4	-3,822	0,04841	0,193	-7,434	0,285	Total
 	-2,905	0,01840	-0,1179	-	-	1
 	-0,782	0,02934	0,2616	-	-	2
 	-0,134	0,00067	0,0491	-	-	3
4,6	-3,809	0,04696	0,194	-7,380	0,286	Total
 	-2,889	0,01700	-0,1165	-	-	1
 	-0,784	0,02930	0,2617	-	-	2
 	-0,135	0,00067	0,0492	-	-	3
4,8	-3,796	0,04631	0,196	-7,326	0,287	Total
 	-2,873	0,01635	-0,1152	-	-	1
 	-0,786	0,02930	0,2618	-	-	2
 	-0,136	0,00066	0,0494	-	-	3
5,0	-3,783	0,04472	0,198	-7,271	0,288	Total
 	-2,857	0,01480	-0,1138	-	-	1
 	-0,788	0,02926	0,2620	-	-	2
 	-0,138	0,00066	0,0495	-	-	3
5,2	-3,770	0,04363	0,199	-7,217	0,289	Total
 	-2,841	0,01368	-0,1125	-	-	1
 	-0,790	0,02929	0,2621	-	-	2
 	-0,139	0,00066	0,0496	-	-	3
5,4	-3,757	0,04378	0,201	-7,162	0,290	Total
 	-2,825	0,01379	-0,1111	-	-	1
 	-0,792	0,02934	0,2622	-	-	2
 	-0,140	0,00066	0,0498	-	-	3
5,6	-3,743	0,04174	0,202	-7,108	0,291	Total
 	-2,809	0,01184	-0,1098	-	-	1
 	-0,794	0,02925	0,2622	-	-	2
 	-0,141	0,00065	0,0499	-	-	3
5,8	-3,730	0,04078	0,204	-7,053	0,292	Total
 	-2,792	0,01086	-0,1084	-	-	1
 	-0,796	0,02927	0,2623	-	-	2
 	-0,142	0,00065	0,0500	-	-	3
6,0	-3,717	0,04027	0,206	-6,998	0,293	Total
 	-2,776	0,01040	-0,1070	-	-	1
 	-0,798	0,02922	0,2624	-	-	2
 	-0,143	0,00064	0,0502	-	-	3
6,2	-3,704	0,03979	0,207	-6,946	0,294	Total
 	-2,760	0,00990	-0,1056	-	-	1
 	-0,799	0,02925	0,2625	-	-	2
 	-0,144	0,00064	0,0503	-	-	3
6,4	-3,690	0,03993	0,209	-6,918	0,294	Total
 	-2,743	0,01001	-0,1042	-	-	1
 	-0,801	0,02926	0,2625	-	-	2
 	-0,146	0,00066	0,0504	-	-	3
6,6	-3,677	0,03850	0,210	-6,889	0,295	Total
 	-2,727	0,00864	-0,1029	-	-	1
 	-0,803	0,02921	0,2626	-	-	2
 	-0,147	0,00065	0,0505	-	-	3
6,8	-3,663	0,03761	0,212	-6,861	0,296	Total
 	-2,711	0,00778	-0,1015	-	-	1
 	-0,805	0,02918	0,2627	-	-	2
 	-0,148	0,00065	0,0507	-	-	3
7,0	-3,650	0,03772	0,213	-6,832	0,296	Total
 	-2,694	0,00789	-0,1001	-	-	1
 	-0,806	0,02919	0,2627	-	-	2
 	-0,149	0,00064	0,0508	-	-	3
7,2	-3,636	0,03696	0,215	-6,804	0,297	Total
 	-2,678	0,00719	-0,0986	-	-	1
 	-0,808	0,02914	0,2627	-	-	2
 	-0,150	0,00063	0,0509	-	-	3
7,4	-3,622	0,03649	0,217	-6,775	0,297	Total
 	-2,661	0,00671	-0,0972	-	-	1
 	-0,810	0,02915	0,2628	-	-	2
 	-0,151	0,00063	0,0511	-	-	3
7,6	-3,608	0,03568	0,218	-6,746	0,298	Total
 	-2,645	0,00590	-0,0958	-	-	1
 	-0,811	0,02915	0,2628	-	-	2
 	-0,152	0,00063	0,0512	-	-	3
7,8	-3,595	0,03557	0,220	-6,717	0,298	Total
 	-2,628	0,00584	-0,0944	-	-	1
 	-0,813	0,02910	0,2628	-	-	2
 	-0,154	0,00063	0,0513	-	-	3
8,0	-3,576	0,03517	0,221	-6,688	0,299	Total
 	-2,607	0,00544	-0,0930	-	-	1
 	-0,814	0,02910	0,2628	-	-	2
 	-0,155	0,00063	0,0514	-	-	3
8,2	-3,562	0,03439	0,223	-6,658	0,300	Total
 	-2,590	0,00469	-0,0916	-	-	1
 	-0,816	0,02910	0,2628	-	-	2
 	-0,156	0,00059	0,0515	-	-	3
8,4	-3,548	0,03399	0,224	-6,629	0,300	Total
 	-2,573	0,00436	-0,0901	-	-	1
 	-0,817	0,02904	0,2628	-	-	2
 	-0,157	0,00059	0,0517	-	-	3
8,6	-3,534	0,03366	0,226	-6,599	0,301	Total
 	-2,557	0,00403	-0,0887	-	-	1
 	-0,819	0,02904	0,2628	-	-	2
 	-0,158	0,00059	0,0518	-	-	3
8,8	-3,520	0,03336	0,228	-6,570	0,301	Total
 	-2,540	0,00377	-0,0871	-	-	1
 	-0,820	0,02901	0,2628	-	-	2
 	-0,159	0,00059	0,0519	-	-	3
9,0	-3,506	0,03307	0,229	-6,540	0,302	Total
 	-2,524	0,00355	-0,0857	-	-	1
 	-0,822	0,02894	0,2628	-	-	2
 	-0,160	0,00058	0,0520	-	-	3
9,2	-3,492	0,03285	0,231	-6,510	0,303	Total
 	-2,507	0,00333	-0,0842	-	-	1
 	-0,823	0,02894	0,2628	-	-	2
 	-0,162	0,00058	0,0521	-	-	3
9,4	-3,478	0,03260	0,232	-6,480	0,303	Total
 	-2,491	0,00310	-0,0827	-	-	1
 	-0,825	0,02892	0,2627	-	-	2
 	-0,163	0,00058	0,0522	-	-	3
9,6	-3,463	0,03228	0,234	-6,449	0,304	Total
 	-2,474	0,00278	-0,0813	-	-	1
 	-0,826	0,02892	0,2627	-	-	2
 	-0,164	0,00057	0,0523	-	-	3
9,8	-3,449	0,03202	0,235	-6,419	0,305	Total
 	-2,457	0,00260	-0,0798	-	-	1
 	-0,827	0,02884	0,2626	-	-	2
 	-0,165	0,00057	0,0524	-	-	3
10,0	-3,435	0,03184	0,237	-6,389	0,305	Total
 	-2,440	0,00243	-0,0784	-	-	1
 	-0,828	0,02883	0,2626	-	-	2
 	-0,166	0,00057	0,0526	-	-	3
10,2	-3,420	0,03167	0,238	-6,358	0,306	Total
 	-2,423	0,00227	-0,0769	-	-	1
 	-0,830	0,02883	0,2625	-	-	2
 	-0,167	0,00057	0,0527	-	-	3
10,4	-3,406	0,03150	0,240	-6,327	0,307	Total
 	-2,407	0,00212	-0,0754	-	-	1
 	-0,831	0,02881	0,2625	-	-	2
 	-0,168	0,00057	0,0528	-	-	3
10,6	-3,391	0,03127	0,241	-6,297	0,307	Total
 	-2,390	0,00199	-0,0740	-	-	1
 	-0,832	0,02872	0,2624	-	-	2
 	-0,169	0,00057	0,0529	-	-	3
10,8	-3,377	0,03113	0,243	-6,266	0,308	Total
 	-2,373	0,00187	-0,0725	-	-	1
 	-0,833	0,02870	0,2623	-	-	2
 	-0,171	0,00056	0,0530	-	-	3
11,0	-3,362	0,03089	0,244	-6,235	0,308	Total
 	-2,356	0,00166	-0,0710	-	-	1
 	-0,834	0,02866	0,2622	-	-	2
 	-0,172	0,00056	0,0531	-	-	3
11,2	-3,348	0,03075	0,246	-6,203	0,308	Total
 	-2,340	0,00157	-0,0695	-	-	1
 	-0,836	0,02862	0,2621	-	-	2
 	-0,173	0,00056	0,0532	-	-	3
11,4	-3,333	0,03065	0,247	-6,172	0,309	Total
 	-2,323	0,00148	-0,0680	-	-	1
 	-0,837	0,02861	0,2620	-	-	2
 	-0,174	0,00056	0,0533	-	-	3
11,6	-3,319	0,02984	0,242	-6,141	0,310	Total
 	-2,306	0,00139	-0,0665	-	-	1
 	-0,838	0,02856	0,2619	-	-	2
 	-0,175	-0,00011	0,0463	-	-	3
11,8	-3,304	0,03035	0,250	-6,109	0,311	Total
 	-2,289	0,00131	-0,0650	-	-	1
 	-0,839	0,02849	0,2618	-	-	2
 	-0,176	0,00055	0,0535	-	-	3
12,0	-3,289	0,03011	0,252	-6,078	0,311	Total
 	-2,272	0,00111	-0,0635	-	-	1
 	-0,840	0,02844	0,2617	-	-	2
 	-0,177	0,00057	0,0536	-	-	3
12,2	-3,274	0,03011	0,253	-6,046	0,312	Total
 	-2,255	0,00110	-0,0620	-	-	1
 	-0,841	0,02845	0,2616	-	-	2
 	-0,178	0,00056	0,0537	-	-	3
12,4	-3,259	0,03002	0,255	-6,014	0,313	Total
 	-2,238	0,00109	-0,0605	-	-	1
 	-0,842	0,02837	0,2615	-	-	2
 	-0,179	0,00056	0,0538	-	-	3
12,6	-3,244	0,02996	0,256	-5,983	0,313	Total
 	-2,221	0,00109	-0,0590	-	-	1
 	-0,842	0,02831	0,2613	-	-	2
 	-0,181	0,00056	0,0539	-	-	3
12,8	-3,229	0,02997	0,258	-5,951	0,314	Total
 	-2,204	0,00110	-0,0575	-	-	1
 	-0,843	0,02831	0,2612	-	-	2
 	-0,182	0,00056	0,0539	-	-	3
13,0	-3,214	0,02991	0,259	-5,919	0,315	Total
 	-2,187	0,00113	-0,0560	-	-	1
 	-0,844	0,02823	0,2610	-	-	2
 	-0,183	0,00056	0,0540	-	-	3
13,2	-3,199	0,02996	0,261	-5,886	0,316	Total
 	-2,170	0,00118	-0,0544	-	-	1
 	-0,845	0,02822	0,2609	-	-	2
 	-0,184	0,00055	0,0541	-	-	3
13,4	-2,925	0,09192	0,233	-5,854	0,317	Total
 	-1,895	0,06321	-0,0823	-	-	1
 	-0,846	0,02816	0,2607	-	-	2
 	-0,185	0,00055	0,0542	-	-	3
13,6	-2,908	0,09138	0,234	-5,822	0,317	Total
 	-1,876	0,06276	-0,0812	-	-	1
 	-0,846	0,02807	0,2605	-	-	2
 	-0,186	0,00054	0,0543	-	-	3
13,8	-2,891	0,09086	0,235	-5,789	0,318	Total
 	-1,857	0,06227	-0,0802	-	-	1
 	-0,847	0,02806	0,2604	-	-	2
 	-0,187	0,00054	0,0544	-	-	3
14,0	-3,139	0,02949	0,266	-5,757	0,319	Total
 	-2,103	0,00099	-0,0484	-	-	1
 	-0,848	0,02797	0,2602	-	-	2
 	-0,188	0,00053	0,0545	-	-	3
14,2	-3,124	0,02951	0,268	-5,724	0,320	Total
 	-2,086	0,00102	-0,0468	-	-	1
 	-0,849	0,02796	0,2600	-	-	2
 	-0,189	0,00053	0,0545	-	-	3
14,4	-3,108	0,02962	0,269	-5,692	0,321	Total
 	-2,068	0,00121	-0,0454	-	-	1
 	-0,849	0,02788	0,2598	-	-	2
 	-0,190	0,00053	0,0546	-	-	3
14,6	-3,093	0,02962	0,270	-5,659	0,321	Total
 	-2,051	0,00124	-0,0438	-	-	1
 	-0,850	0,02784	0,2596	-	-	2
 	-0,191	0,00054	0,0547	-	-	3
14,8	-3,077	0,02956	0,272	-5,626	0,322	Total
 	-2,034	0,00125	-0,0423	-	-	1
 	-0,850	0,02777	0,2594	-	-	2
 	-0,193	0,00054	0,0548	-	-	3
15,0	-2,791	0,08844	0,240	-5,593	0,323	Total
 	-1,746	0,06015	-0,0736	-	-	1
 	-0,851	0,02774	0,2592	-	-	2
 	-0,194	0,00054	0,0548	-	-	3
15,2	-2,774	0,08804	0,241	-5,560	0,324	Total
 	-1,728	0,05980	-0,0725	-	-	1
 	-0,851	0,02770	0,2589	-	-	2
 	-0,195	0,00054	0,0549	-	-	3
15,4	-2,758	0,08689	0,233	-5,527	0,325	Total
 	-1,710	0,05943	-0,0714	-	-	1
 	-0,852	0,02760	0,2587	-	-	2
 	-0,196	-0,00014	0,0456	-	-	3
15,6	-2,741	0,08648	0,234	-5,494	0,326	Total
 	-1,692	0,05905	-0,0703	-	-	1
 	-0,852	0,02757	0,2585	-	-	2
 	-0,197	-0,00013	0,0455	-	-	3
15,8	-2,725	0,08603	0,235	-5,461	0,327	Total
 	-1,674	0,05867	-0,0692	-	-	1
 	-0,853	0,02749	0,2582	-	-	2
 	-0,198	-0,00013	0,0455	-	-	3
16,0	-2,709	0,08636	0,245	-5,427	0,327	Total
 	-1,657	0,05838	-0,0681	-	-	1
 	-0,853	0,02746	0,2580	-	-	2
 	-0,199	0,00052	0,0552	-	-	3
16,2	-2,701	0,08496	0,246	-5,407	0,328	Total
 	-1,648	0,05703	-0,0670	-	-	1
 	-0,853	0,02741	0,2577	-	-	2
 	-0,200	0,00053	0,0553	-	-	3
16,4	-2,684	0,08472	0,247	-5,398	0,328	Total
 	-1,629	0,05690	-0,0658	-	-	1
 	-0,853	0,02730	0,2575	-	-	2
 	-0,201	0,00052	0,0553	-	-	3
16,6	-2,666	0,08451	0,248	-5,388	0,328	Total
 	-1,611	0,05673	-0,0647	-	-	1
 	-0,853	0,02726	0,2572	-	-	2
 	-0,202	0,00052	0,0554	-	-	3
16,8	-2,649	0,08401	0,249	-5,379	0,329	Total
 	-1,593	0,05627	-0,0636	-	-	1
 	-0,853	0,02722	0,2570	-	-	2
 	-0,203	0,00052	0,0555	-	-	3
17,0	-2,632	0,08369	0,250	-5,369	0,329	Total
 	-1,575	0,05606	-0,0625	-	-	1
 	-0,853	0,02712	0,2567	-	-	2
 	-0,204	0,00051	0,0555	-	-	3
17,2	-2,615	0,08332	0,251	-5,360	0,329	Total
 	-1,557	0,05579	-0,0614	-	-	1
 	-0,853	0,02702	0,2564	-	-	2
 	-0,205	0,00051	0,0556	-	-	3
17,4	-2,598	0,08303	0,251	-5,350	0,330	Total
 	-1,539	0,05555	-0,0603	-	-	1
 	-0,853	0,02697	0,2561	-	-	2
 	-0,206	0,00051	0,0556	-	-	3
17,6	-2,582	0,08274	0,252	-5,340	0,330	Total
 	-1,521	0,05531	-0,0591	-	-	1
 	-0,853	0,02692	0,2558	-	-	2
 	-0,207	0,00050	0,0557	-	-	3
17,8	-2,565	0,08297	0,253	-5,330	0,330	Total
 	-1,503	0,05561	-0,0580	-	-	1
 	-0,853	0,02686	0,2555	-	-	2
 	-0,208	0,00050	0,0558	-	-	3
18,0	-2,548	0,08274	0,254	-5,319	0,330	Total
 	-1,486	0,05550	-0,0569	-	-	1
 	-0,853	0,02675	0,2552	-	-	2
 	-0,209	0,00050	0,0558	-	-	3
18,2	-2,532	0,08185	0,255	-5,309	0,331	Total
 	-1,469	0,05468	-0,0558	-	-	1
 	-0,853	0,02668	0,2549	-	-	2
 	-0,210	0,00049	0,0559	-	-	3
18,4	-2,515	0,08155	0,256	-5,298	0,331	Total
 	-1,451	0,05443	-0,0546	-	-	1
 	-0,853	0,02662	0,2546	-	-	2
 	-0,211	0,00049	0,0559	-	-	3
18,6	-2,498	0,08116	0,257	-5,288	0,331	Total
 	-1,434	0,05411	-0,0535	-	-	1
 	-0,852	0,02657	0,2542	-	-	2
 	-0,212	0,00049	0,0560	-	-	3
18,8	-2,481	0,08732	0,246	-5,277	0,332	Total
 	-1,416	0,05479	-0,0524	-	-	1
 	-0,852	0,02649	0,2539	-	-	2
 	-0,213	0,00604	0,0448	-	-	3
19,0	-2,464	0,08685	0,247	-5,266	0,332	Total
 	-1,398	0,05438	-0,0513	-	-	1
 	-0,852	0,02643	0,2536	-	-	2
 	-0,214	0,00604	0,0447	-	-	3
19,2	-2,447	0,08646	0,248	-5,254	0,332	Total
 	-1,381	0,05405	-0,0501	-	-	1
 	-0,851	0,02635	0,2532	-	-	2
 	-0,215	0,00606	0,0447	-	-	3
19,4	-2,431	0,08602	0,248	-5,243	0,332	Total
 	-1,364	0,05370	-0,0490	-	-	1
 	-0,851	0,02623	0,2529	-	-	2
 	-0,216	0,00609	0,0446	-	-	3
19,6	-2,414	0,08565	0,249	-5,232	0,333	Total
 	-1,347	0,05341	-0,0479	-	-	1
 	-0,851	0,02615	0,2525	-	-	2
 	-0,217	0,00609	0,0445	-	-	3
19,8	-2,398	0,08537	0,250	-5,220	0,333	Total
 	-1,330	0,05318	-0,0467	-	-	1
 	-0,850	0,02608	0,2521	-	-	2
 	-0,218	0,00611	0,0445	-	-	3
20,0	-2,382	0,08522	0,251	-5,208	0,333	Total
 	-1,313	0,05307	-0,0456	-	-	1
 	-0,850	0,02601	0,2518	-	-	2
 	-0,219	0,00614	0,0444	-	-	3
