1,0	0,0
0,9983799189959498	0,0012600630031501575
0,9941697084854243	0,004940247012350617
0,9882494124706235	0,010370518525926298
0,9807490374518726	0,016460823041152057
0,9711085554277714	0,02250112505625281
0,9588379418970949	0,028531426571328566
0,943887194359718	0,034761738086904345
0,9263863193159658	0,041162058102905144
0,9064053202660134	0,04768238411920596
0,8840542027101355	0,054272713635681785
0,8594629731486574	0,06089304465223261
0,8327616380819041	0,06749337466873342
0,8041102055102755	0,07402370118505926
0,7736786839341967	0,08044402220111005
0,7416470823541177	0,08671433571678583
0,7082154107705385	0,0927746387319366
0,6735836791839592	0,09859492974648731
0,6379618980949048	0,10412520626031302
0,6015600780039002	0,10935546777338867
0,5646282314115706	0,11425571278563929
0,527416370818541	0,11881594079703985
0,4902245112255613	0,12303615180759038
0,4533726686334317	0,12683634181709086
0,41718085904295216	0,13011650582529127
0,3818990949547477	0,13271663583179158
0,34773738686934347	0,1344767238361918
0,31484574228711437	0,1352667633381669
0,2834341717085854	0,13505675283764187
0,2536626831341567	0,13346667333366669
0,22537126856342818	0,1303765188259413
0,1984199209960498	0,12594629731486573
0,17281864093204663	0,12026601330066504
0,1485874293714686	0,1135556777838892
0,12586629331466573	0,10598529926496325
0,1047752387619381	0,09770488524426221
0,08540427021351067	0,0887944397219861
0,0678433921696085	0,07940397019850992
0,05218260913045652	0,06965348267413371
0,03850192509625481	0,05968298414920746
0,02689134456722836	0,04966248312415621
0,017500875043752185	0,03961198059902995
0,010230511525576278	0,029541477073853694
0,004900245012250613	0,01969098454922746
0,0015000750037501875	0,010330516525826292
0,0	0,0017800890044502224
0,0	0,0017800890044502224
0,00039001950097504874	-0,005610280514025702
0,0025901295064753235	-0,0112005600280014
0,00784039201960098	-0,014270713535676783
0,01713085654282714	-0,015500775038751937
0,03001150057502875	-0,01584079203960198
0,046222311115555775	-0,015320766038301915
0,06556327816390821	-0,014040702035101755
0,08782439121956098	-0,012020601030051502
0,11277563878193911	-0,009250462523126156
0,1401570078503925	-0,005630281514075703
0,17001850092504625	-0,0007500375018750937
0,20274013700685034	0,005350267513375668
0,2383619180959048	0,012130606530326516
0,2766938346917346	0,01928096404820241
0,3174658732936647	0,026521326066303315
0,36040802040102005	0,033581679083954194
0,4051602580129006	0,04021201060053003
0,4513625681284064	0,046182309115455775
0,49857492874643733	0,05129256462823141
0,5463673183659183	0,05534276713835692
0,5942597129856493	0,058202910145507276
0,6417420871043552	0,05976298814940747
0,6883044152207611	0,05994299714985749
0,7334266713335666	0,05872293614680734
0,776588829441472	0,05612280614030702
0,8172808640432021	0,05219260963048152
0,8549927496374818	0,04706235311765588
0,8892744637231861	0,04088204410220511
0,91965598279914	0,03387169358467923
0,9457272863643181	0,02624131206560328
0,9669283464173208	0,018220911045552277
0,9825491274563729	0,010600530026501326
0,9926796339816991	0,004680234011700585
0,9982499124956248	0,0011500575028751438
1,0	0,0
9999,9	9999,9
0,9297308402774874	0,5169636963055246
0,9289057783046546	0,515627252548483
0,9262384260046526	0,5114621066365861
0,92122892719983	0,5042268960580394
0,9130263847134195	0,4940958675674082
0,9011575463019864	0,4819241872826913
0,885854631153006	0,46847392489556977
0,8674254022750337	0,454078934861961
0,846081997543253	0,43901192940942013
0,8220741709271056	0,42357143718650414
0,7956602696676323	0,40800206371286807
0,7671457664864912	0,39255383798431387
0,7368614924689629	0,3774224078103613
0,7051545857349715	0,3627861978511281
0,6723848635862522	0,3487964421735908
0,6389243644489727	0,33556041915956214
0,6051546361356586	0,32316501424599925
0,5714431731048856	0,3116740081869305
0,5381456701419736	0,3010877492211235
0,5056246196805272	0,2914097553827991
0,4741976423542286	0,28259779339769975
0,44418869838766517	0,2745960346949974
0,41586690876176324	0,2673065272482183
0,38950456425290225	0,2606245213826036
0,36532908383753837	0,2543995161149161
0,34348444587698357	0,24825175925594434
0,3237250189182121	0,24203360798534004
0,30588685310623187	0,23600791690553186
0,29011498934192964	0,2303250771811452
0,27656260374041186	0,22506479175588026
0,2653787865065732	0,2202800310376761
0,25673118856064575	0,21596621445273734
0,2508060581444029	0,21218536373798197
0,24821041999869675	0,20843434310169426
0,24848685303408594	0,2039371027106514
0,2505642235906034	0,19879001860523635
0,2505642235906034	0,19879001860523635
0,25429404594554955	0,19345349863932382
0,2595721749063608	0,18816863029834827
0,26631756996340206	0,18316244771379425
0,27445144428773227	0,17862165718481465
0,28402008045761684	0,17476645858840495
0,295088285160455	0,17163534752737863
0,3075477540810631	0,1691943723665136
0,3212834218621765	0,16753056496758267
0,336196530181174	0,16671373404295586
0,352187862658055	0,16679692321297995
0,3691486935264604	0,16785356904285736
0,3869924855882008	0,16990952455979413
0,40559012013206164	0,17302871694263422
0,42479254355935203	0,17728232907588617
0,4445164250735395	0,18281356963091852
0,4647264388672634	0,1896804476468452
0,48546703528927104	0,19803610263256874
0,5068850142575595	0,20784967953591216
0,5289920656267733	0,21881215099479304
0,5516549481692815	0,23083655835984637
0,5748129045016936	0,24378698527157233
0,5983739007372655	0,2574881036528985
0,6222187123961129	0,27175190624494117
0,6461615126876379	0,2864089831103579
0,6700101352303371	0,30130351960837665
0,6935606505756549	0,3163404218754127
0,7166462873119144	0,33143364737686015
0,7391066136183443	0,3464835582815427
0,7608020486764083	0,3614167912366657
0,7816056908493819	0,376132792296294
0,8013910965579196	0,3905477726065153
0,8200413316090347	0,4045575503685619
0,837446717515405	0,4180778786711423
0,8535043734379935	0,43102768039841766
0,8681213859815015	0,4433222505817166
0,8812252346954859	0,4548863936387266
0,8927402293340498	0,4656517116354201
0,902607444743321	0,47554934858038994
0,910795146362567	0,48452312766404043
0,9172244741504388	0,4925114486006293
0,921862850643853	0,4996729109814096
0,9250306814269726	0,5061900253767107
0,9273336902809192	0,5117576673036425
0,9290290154823431	0,5155936857582326
0,9297308402774874	0,5169636963055246
9999,9	9999,9
